"N" <- 2
"a" <- 33.02833
"b" <- 1143.09157
