"N" <- 12
"psihat" <-  c(1.055, -0.097, 0.626, 0.017, 1.068,
-0.025, -0.117, -0.381, 0.507, 0, 0.385, 0.405)
"sigma" <- c(0.373, 0.116, 0.229, 0.117, 0.471,
0.120, 0.220, 0.239, 0.186, 0.328, 0.206, 0.254)
