"N" <- 18
“X” <-   c(-1.350750, -1.653494, -1.959719, -2.284439, -2.600335, -2.600335, -2.922431,
 -3.251899, -3.605737, -3.605737, -3.954926, -3.954926, -3.954926, -3.954926,
 -3.954926, -4.316737, -4.693834, -5.089712)
