"N" <- 46
"a" <- 33.02833
"b" <- 1143.09157
"L" <- c(0,0, 0, 4, 5, 5, 6, 7, 7, 11, 11, 15, 17, 17, 17, 18, 19, 18, 22, 24, 24, 25, 26, 27, 32, 33, 34, 36, 36, 36, 36, 37, 37, 37, 37, 38, 40, 45, 46, 46, 46, 46, 46, 46, 46, 46)
"U" <- c(7, 8, 5, 11, 12, 11, 10, 16, 14, 15, 18, Inf, Inf, 25, 25, Inf, 35, 26, Inf, Inf, Inf, 37, 40, 34, Inf, Inf, Inf, 44, 48, Inf, Inf, 44, Inf, Inf, Inf, Inf, Inf, Inf, Inf, Inf, Inf, Inf, Inf, Inf, Inf, Inf)
