"N"<- 46
"a" <- 33.02833
"b" <- 1143.09157
“L”<-0 0 4 4 5 8 8 10 10 11 11 11 11 11 12 13 13 13 13 14 14 15 16 16 16 16 17 17 17 18 18 19 21 22 23 24 24 30 30 31 32 33 34 34 35 35 44 48
“U”<-22 5 9 8 8 12 21 35 17 13 Inf 17 Inf 20 20 Inf 39 Inf Inf 17 19 22 24 20 24 60 27 23 26 25 24 32 Inf 32 Inf 31 30 34 36 Inf Inf 40 Inf Inf Inf 39 48 Inf
